PerId,Name,Code,Category,b1,b2,b3,b4,b5,b6,b7,b8,b9,b10,b11,b12,b13,b14,b15,b16,b17,b18,b19,b20,b21,b22,b23,b24,b25,b26,b27,b28,b29,b30,Points,Bonuses
58,Isabella Hough,GBR,fj,0,7,0,0,10,0,0,0,0,0,0,0,10,0,0,10,4,0,0,0,0,10,0,0,0,0,0,b,10,0,61,8
30,Claudia Hesleden,GBR,fj,0,4,0,0,10,0,0,0,0,0,0,0,10,0,0,7,4,0,0,0,0,7,0,0,0,0,0,0,0,0,42,6
15,Becky Whaley,GBR,fj,0,10,0,0,10,0,0,0,b,0,0,b,10,0,0,10,10,0,0,0,0,10,0,0,b,b,b,b,10,0,70,13
32,Dana Windle,GBR,fj,0,b,0,0,10,0,0,0,0,0,0,0,10,0,0,0,0,0,0,0,0,10,0,0,0,0,0,b,0,0,30,5
13,Anna Donnan,GBR,fj,0,0,0,0,0,0,0,0,0,0,0,0,0,0,0,0,0,0,0,0,0,0,0,0,0,0,0,0,0,0,0,0
29,Clare Hunter Funnell,GBR,fj,0,10,0,0,10,0,0,0,0,0,4,0,10,0,0,10,10,0,0,0,0,10,0,0,b,b,b,b,10,0,74,12
57,Isabella Bentley,GBR,fj,0,10,0,0,10,0,0,0,0,0,b,b,10,0,0,10,10,0,0,0,0,10,0,0,0,0,0,0,0,0,60,8
92,Leah Yeatman,GBR,fj,0,0,0,0,0,0,0,0,0,0,0,0,0,0,0,0,0,0,0,0,0,0,0,0,0,0,0,0,0,0,0,0
93,Leanne England,GBR,fj,0,0,0,0,10,0,0,0,0,0,0,0,0,0,0,0,0,0,0,0,0,0,0,0,0,0,0,0,0,0,10,1
122,Natalie Gooder,GBR,fj,0,0,0,0,0,0,0,0,0,0,0,0,0,0,0,0,0,0,0,0,0,0,0,0,0,0,0,0,0,0,0,0
129,Rachel Bell,GBR,fj,0,10,0,0,10,0,0,0,0,0,0,0,10,0,0,10,10,0,0,0,0,10,0,0,0,0,0,0,0,0,60,6
134,Rhiannon Jacob,GBR,fj,0,10,0,0,10,0,0,0,0,0,0,0,10,0,0,10,7,0,0,0,0,10,0,0,0,0,0,b,0,0,57,7
185,Beth Garratt,GBR,fj,0,10,0,0,10,0,0,b,0,0,7,0,10,0,0,10,10,0,0,0,b,10,0,0,0,0,0,0,0,0,67,9
210,Ellissa C Bryant,GBR,fj,0,10,0,0,10,0,b,0,0,b,4,b,10,0,0,10,10,0,0,0,b,10,0,0,10,b,0,b,10,0,84,15
214,Gabrielle Holness,GBR,fj,0,b,0,0,10,0,0,0,0,0,0,0,10,0,0,0,0,0,0,0,0,b,0,0,0,0,0,0,0,0,20,4
217,Gracie Martin,GBR,fj,0,10,0,0,10,0,0,0,0,0,b,4,10,0,0,10,10,0,0,0,10,10,0,0,10,b,b,b,10,0,94,14
219,Hannah Wilson,GBR,fj,0,10,0,0,10,0,0,0,0,0,0,0,10,0,0,0,10,0,0,0,0,10,0,b,10,0,0,b,10,0,70,9
260,Megan Tripney,GBR,fj,0,10,0,0,10,0,0,0,0,0,0,0,10,0,0,10,10,0,0,0,0,10,0,0,b,0,0,0,10,0,70,8
263,Molly Thompson-Smith,GBR,fj,0,10,0,0,10,0,0,0,0,0,0,4,10,b,b,10,10,0,0,0,10,10,b,0,10,b,7,b,10,0,101,16
264,Natasha Allcock,GBR,fj,0,10,0,0,10,0,b,0,b,4,b,4,10,0,0,10,7,0,0,0,7,10,0,0,0,b,4,b,10,0,86,16
272,olivia corrigan,GBR,fj,0,10,0,0,10,0,4,0,0,0,4,b,10,0,0,7,10,0,0,0,7,10,0,0,4,b,b,b,10,b,86,16
274,Orrin Coley,GBR,fj,0,0,0,0,0,0,0,0,0,0,0,0,0,0,0,0,0,0,0,0,0,0,0,0,0,0,0,0,0,0,0,0
275,Ottilie Harms,GBR,fj,0,0,0,0,0,0,0,0,0,0,0,0,0,0,0,0,0,0,0,0,0,0,0,0,0,0,0,0,0,0,0,0
284,Rachel Carr,GBR,fj,0,10,0,0,10,0,0,0,0,0,0,4,10,0,0,10,10,0,0,0,10,10,0,0,10,0,b,b,10,0,94,12
294,Sarah Pashley,GBR,fj,0,10,0,0,10,0,0,0,0,4,0,b,10,0,4,10,10,0,0,0,4,10,0,0,10,b,0,0,10,0,92,13
299,Sidonie Graham,GBR,fj,0,10,0,0,10,0,7,0,0,0,b,b,10,0,b,10,10,0,0,0,4,10,0,0,7,b,b,b,10,b,88,17
308,Tara Hayes,GBR,fj,b,10,0,0,10,0,7,b,b,0,7,10,10,0,7,10,10,0,b,0,10,10,0,7,10,b,10,b,10,0,138,21